2-1. 연결 재무상태표

연결 재무상태표

제 28 기          2024.12.31 현재

제 27 기          2023.12.31 현재

제 26 기          2022.12.31 현재

(단위 : 원)

　	
제 28 기

제 27 기

제 26 기

자산

　	　	　
　유동자산

191,151,103,812

148,106,824,176

126,306,643,129

　　현금및현금성자산

93,438,772,816

70,946,860,854

45,148,748,621

　　단기금융상품

600,000,000

750,676,022

602,324,267

　　매출채권 및 기타유동채권

47,499,332,395

35,791,395,726

38,579,186,620

　　유동재고자산

45,318,948,272

37,987,405,148

38,291,593,632

　　기타유동자산

4,294,050,329

2,630,486,426

3,684,789,989

　비유동자산

83,164,372,514

53,565,703,832

40,742,495,644

　　장기금융상품

1,498,525,541

1,693,458,546

1,550,724,870

　　종속기업, 공동기업과 관계기업에 대한 투자자산

336,896,545

261,625,347

285,629,699

　　장기매출채권 및 기타비유동채권

2,792,133,367

1,754,893,376

1,559,616,310

　　유형자산

63,519,448,683

37,192,549,627

26,010,131,388

　　영업권 이외의 무형자산

11,190,545,672

10,574,439,793

9,825,337,396

　　기타비유동자산

　	
8,657,618

8,200,095

　　이연법인세자산

3,826,822,706

2,080,079,525

1,502,855,886

　자산총계

274,315,476,326

201,672,528,008

167,049,138,773

부채

　	　	　
　유동부채

62,937,674,219

49,664,629,592

39,687,594,282

　　유동 차입금(사채 포함)

20,101,880,682

20,838,848,872

237,623,032

　　매입채무 및 기타유동채무

26,203,584,641

16,877,009,707

14,270,254,144

　　비유동차입금(사채 포함)의 유동성 대체 부분

　	　	
10,000,000,000

　　유동 리스부채

2,874,578,418

2,144,161,919

1,813,092,732

　　유동충당부채

388,026,370

281,206,181

239,759,668

　　유동파생상품부채

599,369,774

　	
25,364,615

　　기타 유동부채

6,773,073,293

7,086,674,348

8,633,259,871

　　기타유동금융부채

1,490,684,833

1,416,427,515

　
　　당기법인세부채

4,506,476,208

1,020,301,050

4,468,240,220

　비유동부채

23,468,008,965

8,523,284,461

7,898,466,789

　　장기차입금(사채 포함)

15,801,012,100

470,774,700

662,088,000

　　기타비유동금융부채

1,413,804,619

2,561,070,247

3,400,785,286

　　장기매입채무 및 기타비유동채무

1,094,507,438

807,475,435

330,601,821

　　비유동 리스부채

3,353,706,648

3,958,098,617

2,943,247,742

　　비유동충당부채

1,323,720,332

248,040,028

69,850,930

　　이연법인세부채

481,257,828

477,825,434

491,893,010

　부채총계

86,405,683,184

58,187,914,053

47,586,061,071

자본

　	　	　
　지배기업의 소유주에게 귀속되는 자본

187,909,793,142

143,484,613,955

119,463,077,702

　　자본금

3,493,788,500

3,482,979,500

3,473,929,500

　　자본잉여금

50,814,090,318

49,189,370,216

48,146,330,008

　　기타자본구성요소

1,237,266,166

(142,741,576)

(697,253,330)

　　기타포괄손익누계액

992,917,734

(381,211,591)

(994,580,569)

　　이익잉여금(결손금)

131,371,730,424

91,336,217,406

69,534,652,093

　비지배지분

　	　	　
　자본총계

187,909,793,142

143,484,613,955

119,463,077,702

자본과부채총계

274,315,476,326

201,672,528,008

167,049,138,773

