2-4. 연결 현금흐름표

연결 현금흐름표

제 28 기 2024.01.01 부터 2024.12.31 까지

제 27 기 2023.01.01 부터 2023.12.31 까지

제 26 기 2022.01.01 부터 2022.12.31 까지

(단위 : 원)

　	
제 28 기

제 27 기

제 26 기

영업활동현금흐름

34,715,731,945

31,304,063,628

27,577,839,233

　영업활동으로 인한 자산 부채의 변동

35,970,169,000

36,977,213,343

28,031,197,482

　이자수취

1,516,790,892

1,036,531,729

246,461,678

　이자지급(영업)

(780,614,297)

(182,678,387)

(177,880,076)

　법인세환급(납부)

(1,990,613,650)

(6,527,003,057)

(521,939,851)

투자활동현금흐름

(28,723,684,800)

(12,563,223,369)

(14,247,443,198)

　종속기업과 기타 사업의 지배력 획득에 따른 현금흐름

　	　	
(8,561,489,334)

　관계기업에 대한 투자자산의 취득

　	　	
(299,991,600)

　유형자산의 취득

(28,174,222,031)

(12,225,630,613)

(3,857,757,853)

　유형자산의 처분

41,595,820

24,090,909

　
　무형자산의 취득

(392,710,617)

(451,467,794)

(33,400,000)

　기타금융자산의 처분

　	　	
(824,088,000)

　임차보증금의 증가

(769,033,670)

(157,432,184)

　
　임차보증금의 감소

298,697,090

9,935,000

　
　단기금융상품의 취득

(600,000,000)

(600,000,000)

　
　단기금융상품의 처분

600,000,000

600,000,000

　
　기타유동금융자산의 취득

　	　	
(578,642,500)

　기타비유동금융자산의 취득

(46,262,470)

　	
(124,655,008)

　장기금융상품의 취득

　	
(35,326,230)

　
　장기금융상품의 처분

265,075,000

32,186,877

2,025,000

　정부보조금의 수취

53,176,078

240,420,666

30,556,097

재무활동현금흐름

10,124,181,834

6,208,895,545

(8,851,404,859)

　단기차입금의 증가

　	
20,582,102,818

41,553,778

　장기차입금의 증가

15,541,128,000

　	　
　주식선택권행사로 인한 현금유입

1,165,931,540

786,595,000

511,907,000

　배당금지급

(2,768,148,800)

(2,760,908,800)

(1,716,603,070)

　단기차입금의 상환

(769,040,594)

(10,000,000,000)

(457,968,922)

　장기차입금의 상환

(236,008,000)

(225,977,600)

(192,297,296)

　금융리스부채의 지급

(2,809,680,312)

(2,172,915,873)

(2,009,721,589)

　전환사채의 감소

　	　	
(3,539,706,960)

　자기주식의 취득으로 인한 현금의 유출

　	　	
(1,488,567,800)

환율변동효과 반영전 현금및현금성자산의 순증가(감소)

16,116,228,979

24,949,735,804

4,478,991,176

현금및현금성자산에 대한 환율변동효과

6,375,682,983

848,376,429

700,510,273

현금및현금성자산의순증가(감소)

22,491,911,962

25,798,112,233

5,179,501,449

기초현금및현금성자산

70,946,860,854

45,148,748,621

39,969,247,172

기말현금및현금성자산

93,438,772,816

70,946,860,854

45,148,748,621

