012210
490470
491000
0097F0
0099W0
0013V0
059180
0101C0
0099X0
476830
478340
0007C0
0088D0
217590
0098T0
464490
466690
0105P0
261520
0015S0
950250
0054V0
0009K0
0096D0
0096B0
0093G0
0015N0
0126Z0
0120G0
0091W0
0068Y0
488900
388210
403850
403810
0015G0
459550
061090
494120
469610
486990
014950
317450
0072Z0
0071M0
488280
342870
496320
318060
397810
0044K0
0010V0
125490
0008Z0
484590
0041B0
456160
309710
0041L0
439260
468530
475230
380550
484120
0004Y0
0041J0
331740
0030R0
462310
234030
0037T0
463020
388610
455180
340450
474650
475430
496070
287840
483650
489460
424870
188040
125020
376900
476040
136150
459510
364950
081180
448900
481070
101970
462860
444530
484810
098070
498390
480370
031210
460870
226590
393970
435570
489500
479960
463480
303810
475830
240550
