483650
188040
481070
480370
226590
435570
489500
479960
463480
303810
240550
064400
482630
450950
475460
478560
176750
484870
471820
466410
475660
413390
473980
475560
336680
475580
458650
457370
465480
381620
461300
464280
079900
088340
460940
062040
462870
443060
126730
451250
475150
420570
437730
278470
360350
443670
415380
472850
460930
457550
022100
417200
452280
111380
352090
290560
351020
416180
445180
418470
403490
448710
030190
462520
378340
090460
460860
303360
439090
456040
417790
318160
100090
453340
309960
356680
127980
162300
425420
372170
108320
405100
360070
417970
067370
126720
362320
399720
388050
366030
370090
251120
211050
136410
311320
376300
376180
382800
114840
382480
381970
376290
382840
159010
257720
260970
099430
273640
099390
058970
195940
232680
383310
383220
252990
357230
352480
294570
333620
361390
356890
378850
239890
262840
248070
163730
086710
375500
368770
357550
064850
009900
199820
244920
340570
339770
347000
352820
348210
053080
126340
359090
318410
347740
332370
337930
060850
032300
350520
101360
347890
298540
330350
169330
297890
353810
223250
353200
198080
065370
344820
340440
339950
336570
124560
338100
336060
322000
306040
317400
333430
333050
331520
272110
158430
234690
256150
318000
148150
234340
251970
321260
319660
125210
307950
192650
247540
053580
290550
310200
310870
309930
307750
290120
900340
111710
179290
263020
194700
290650
306200
293580
293480
110790
299170
173130
300720
290270
286940
204020
297570
298050
298040
298020
289080
294870
037030
122310
253590
018250
226400
006620
260660
068270
219420
264660
284740
285130
281740
282330
234300
281820
272550
253450
055490
280360
265560
277410
243840
118990
263860
263720
272290
003380
271560
250000
267980
264850
268280
267270
267260
166090
251370
264900
263770
178320
183300
145720
111110
140070
241520
241790
207940
237880
238120
252500
216050
241710
234080
900290
072990
950140
050960
241590
229640
241690
248170
230360
016740
073560
195870
243070
101530
228850
211270
236200
194370
142210
232140
145020
013310
225530
140860
075580
221980
212560
214370
217950
227840
225590
079550
225570
217190
039570
222080
189980
094360
214430
067730
220260
214450
214320
214180
210980
217500
215480
215200
215000
214150
213420
189690
213500
210540
200670
124500
028260
208370
208140
149980
112610
018260
205100
192440
203650
204320
200880
187270
192400
090410
004650
192390
200130
192820
053300
090850
184230
185750
170030
067570
182360
171120
183190
064350
131970
150900
119850
170790
089600
151860
155660
104540
114810
153490
099190
113810
155650
161890
161390
161000
137400
072950
147830
104830
007070
130580
129260
145990
122870
101240
131220
143160
137950
023000
109080
019770
138490
121440
122450
136540
136480
134060
136490
134380
121600
093320
131370
131290
058860
130660
120240
131030
128660
041460
105740
126600
081660
058850
057050
126700
123410
126640
123040
122900
128940
119610
105840
089850
123700
071200
122690
060980
115310
101330
120110
050860
114630
104460
052690
032560
082920
000080
111770
109860
053690
102710
010240
081150
101490
100120
105630
107590
078070
058630
035420
092130
098120
103590
103140
011070
096240
102260
101160
098460
059210
032640
100840
067010
051600
094820
086670
092440
044450
033270
092300
094280
094970
095340
085910
095500
097950
028670
093190
096760
086520
095660
001780
093380
086450
091580
092460
093520
092730
089010
084110
091700
093050
060540
089890
080470
089790
088390
092230
043150
089470
063570
090350
054950
049800
084730
086060
035510
068760
083450
079370
085670
084370
064550
086280
078140
067900
001560
084010
038070
083420
079940
083930
083310
067310
080010
084690
042700
050890
073490
079960
080220
079170
052900
072870
073010
078600
014830
067990
041650
023810
048870
065350
078930
077500
057030
078350
067160
074600
072020
065510
068930
007660
064760
037270
072710
034120
066130
069730
065440
006890
021650
051370
011500
049960
035600
069460
069620
036530
069260
066620
058430
058610
045340
060560
060150
051160
060720
066570
024720
039420
064960
039440
049550
054670
051380
037710
053270
034950
060380
046310
049720
013990
059090
054930
035200
054040
042500
060250
053260
041930
014940
058470
045300
056190
053700
052400
054800
047770
053800
035900
053060
053610
052790
021240
052420
051500
052600
045390
051910
047040
047050
038500
049430
014620
049480
036670
039830
036190
041830
014570
044960
034020
010470
045100
039860
045060
042370
007370
040420
043610
039010
036890
042110
009300
042420
038460
041190
036640
031330
036800
041510
038110
039610
039240
037440
038390
036830
036810
036620
038010
016450
036560
035890
036030
036930
005290
003100
037460
003220
036460
036200
027830
035810
033780
024090
012790
035610
035000
035150
005990
034810
030200
030000
025770
033500
029460
033160
009520
033290
018670
033100
014440
019210
032750
032620
025530
031820
000660
031980
023450
023150
028050
016800
011560
012630
025540
021880
003160
019180
027710
017800
020000
016580
018310
023600
014190
013580
003800
012750
015890
025980
012700
016590
025860
018500
015750
020180
011200
025820
017960
025870
025880
025550
025320
024950
024840
024910
004780
024830
024880
025000
007980
023910
023900
017650
012860
023160
018290
014790
007310
010120
012620
011370
014820
009680
010690
005670
006140
009780
009450
005710
004590
012030
005090
008370
002290
017890
003310
005880
005870
017550
021080
001430
014580
006060
014530
002140
016090
010130
008490
014160
013030
012800
011420
009290
007280
009180
003650
010640
002840
007860
013000
012330
001390
007690
009160
015230
008040
013570
014680
006040
008060
006920
002310
001770
018470
005850
009970
012510
008250
003850
012690
002460
007340
003010
009270
004140
002960
005810
004710
008930
005500
005490
005690
006340
002810
011780
004490
010100
005070
004830
000500
010950
012450
004560
006090
009470
016380
010780
004170
010060
002710
007700
006110
006400
009150
009070
005180
011760
006260
002100
007590
004430
004090
002780
001260
001550
002600
003960
003570
004370
003720
005740
007540
001250
001820
001060
001340
004000
000020
001120
000590
000990
002700
003230
000490
001800
002020
005930
001460
005610
002200
005380
002030
000320
000140
000270
001040
005010
002900
005830
003780
005300
007210
001130
001680
003550
000640
000970
003300
003030
004250
001440
001790
000070
000240
003490
000120
